Par 1: human_CYTB vs chimp_CYTB  (d = 0.125649)
,A,C,G,T
A,0.884312,0.038563,0.038563,0.038563
C,0.038563,0.884312,0.038563,0.038563
G,0.038563,0.038563,0.884312,0.038563
T,0.038563,0.038563,0.038563,0.884312

Par 2: human_CYTB vs gorilla_CYTB  (d = 0.136084)
,A,C,G,T
A,0.875548,0.041484,0.041484,0.041484
C,0.041484,0.875548,0.041484,0.041484
G,0.041484,0.041484,0.875548,0.041484
T,0.041484,0.041484,0.041484,0.875548

Par 3: human_CYTB vs orangutan_CYTB  (d = 0.170487)
,A,C,G,T
A,0.847502,0.050833,0.050833,0.050833
C,0.050833,0.847502,0.050833,0.050833
G,0.050833,0.050833,0.847502,0.050833
T,0.050833,0.050833,0.050833,0.847502

Par 4: human_CYTB vs macaque_CYTB  (d = 0.248072)
,A,C,G,T
A,0.788782,0.070406,0.070406,0.070406
C,0.070406,0.788782,0.070406,0.070406
G,0.070406,0.070406,0.788782,0.070406
T,0.070406,0.070406,0.070406,0.788782

Par 5: chimp_CYTB vs gorilla_CYTB  (d = 0.127725)
,A,C,G,T
A,0.882559,0.039147,0.039147,0.039147
C,0.039147,0.882559,0.039147,0.039147
G,0.039147,0.039147,0.882559,0.039147
T,0.039147,0.039147,0.039147,0.882559

Par 6: chimp_CYTB vs orangutan_CYTB  (d = 0.159566)
,A,C,G,T
A,0.856266,0.047911,0.047911,0.047911
C,0.047911,0.856266,0.047911,0.047911
G,0.047911,0.047911,0.856266,0.047911
T,0.047911,0.047911,0.047911,0.856266

Par 7: chimp_CYTB vs macaque_CYTB  (d = 0.228801)
,A,C,G,T
A,0.802805,0.065732,0.065732,0.065732
C,0.065732,0.802805,0.065732,0.065732
G,0.065732,0.065732,0.802805,0.065732
T,0.065732,0.065732,0.065732,0.802805

Par 8: gorilla_CYTB vs orangutan_CYTB  (d = 0.158482)
,A,C,G,T
A,0.857143,0.047619,0.047619,0.047619
C,0.047619,0.857143,0.047619,0.047619
G,0.047619,0.047619,0.857143,0.047619
T,0.047619,0.047619,0.047619,0.857143

Par 9: gorilla_CYTB vs macaque_CYTB  (d = 0.218176)
,A,C,G,T
A,0.810692,0.063103,0.063103,0.063103
C,0.063103,0.810692,0.063103,0.063103
G,0.063103,0.063103,0.810692,0.063103
T,0.063103,0.063103,0.063103,0.810692

Par 10: orangutan_CYTB vs macaque_CYTB  (d = 0.250516)
,A,C,G,T
A,0.787029,0.070990,0.070990,0.070990
C,0.070990,0.787029,0.070990,0.070990
G,0.070990,0.070990,0.787029,0.070990
T,0.070990,0.070990,0.070990,0.787029

